image_width: 1640
image_height: 1232
camera_name: right_camera
camera_matrix:
  rows: 3
  cols: 3
  data: [1078.829572, 0.0, 831.731273, 0.0, 1080.700436, 616.650038, 0.0, 0.0, 1.0]
distortion_model: plumb_bob
distortion_coefficients:
  rows: 1
  cols: 5
  data: [-0.040242, 0.018559, 0.003209, 0.001267, 0.0]
rectification_matrix:
  rows: 3
  cols: 3
  data: [0.999936, -0.010885, 0.003187, 0.010860, 0.999912, 0.007606, -0.003270, -0.007571, 0.999966]
projection_matrix:
  rows: 3
  cols: 4
  data: [1101.604543, 0.0, 822.448647, -61.050754, 0.0, 1101.604543, 608.822487, 0.0, 0.0, 0.0, 1.0, 0.0]